[[  8.15850697e-01   4.61038338e-01  -1.79735479e+00   2.14980524e+01
   -1.46204179e+08]
 [  1.24294660e+00   4.22908156e-01   3.34340127e-01   2.54572565e+01
   -1.18159211e+08]
 [  1.02889417e+01   8.37732501e-01  -9.92465714e-01   2.62729515e+01
   -1.45653607e+08]
 ..., 
 [  6.48097993e+00   7.16580561e-01  -1.66271657e+00   2.58098281e+01
   -2.03291221e+08]
 [  3.73814277e+00   6.74453013e-01  -1.08593171e+00   2.67463380e+01
   -1.38777830e+08]
 [  1.14088413e+00   5.33547156e-01  -2.48740838e-01   2.61742430e+01
   -1.51704839e+08]]
[[  8.92314588e-01   3.99018337e-01  -8.61251734e-01   2.46326348e+01
   -3.39263991e+08]
 [  4.69798060e-01   3.28165686e-01   1.23054886e+00   2.49921070e+01
   -2.60057986e+08]
 [  1.47565967e+00   4.96308531e-01  -3.16189393e+00   2.40363354e+01
   -2.92877153e+08]
 ..., 
 [  2.63019564e+00   5.66129799e-01  -1.99168302e+00   2.58901439e+01
   -5.26739229e+08]
 [  7.41430524e-01   4.03297647e-01   9.29776231e-02   2.36942271e+01
   -4.63490866e+08]
 [  2.71911855e-01   2.99883501e-01  -1.18794484e+00   2.49215308e+01
   -7.54166053e+08]]
[[  1.34150649e+00   4.67680357e-01  -3.79568087e+00   1.83144967e+01
   -4.46871076e+07]
 [  1.00189356e+00   3.99872601e-01  -7.09359085e+00   1.86987858e+01
   -5.37171880e+07]
 [  7.28567956e-01   3.56872896e-01  -2.24511633e+00   2.08123705e+01
   -5.88990040e+07]
 [  8.57519558e-01   3.87223965e-01  -6.49170326e+00   1.91939224e+01
   -4.47119920e+07]
 [  7.88563315e-01   3.51555026e-01  -5.26870352e+00   1.93771373e+01
   -4.74865140e+07]
 [  7.09708378e-01   3.39796006e-01  -7.93856805e+00   2.12319614e+01
   -4.95726411e+07]
 [  1.12733317e+00   4.55805026e-01  -9.47931289e+00   2.12204230e+01
   -4.91150342e+07]
 [  5.16660754e-01   3.01320677e-01  -7.16398033e+00   2.15520586e+01
   -5.81766798e+07]
 [  9.59352027e-01   4.13099650e-01  -7.92031002e-01   1.77989638e+01
   -3.65424375e+07]
 [  3.04453739e-01   2.65646309e-01  -8.11352160e-01   1.64397149e+01
   -6.27810087e+07]
 [  2.14880620e+00   5.44917477e-01  -6.70379361e+00   1.77175401e+01
   -2.25989601e+08]
 [  3.54807988e+00   6.14961538e-01  -4.38964256e-01   2.12711452e+01
   -5.60260346e+08]
 [  5.13035524e+00   6.72077031e-01  -7.51816905e+00   2.04763562e+01
   -4.81850155e+08]
 [  7.07227684e+00   7.09365032e-01  -1.15212480e+01   2.22231218e+01
   -4.10361139e+08]
 [  7.13548439e+00   7.05403364e-01  -3.78505335e+00   2.06869273e+01
   -5.06398544e+08]
 [  6.56619065e+00   6.97243418e-01  -9.69254762e-01   1.96674297e+01
   -3.71107406e+08]
 [  3.13743288e+00   5.83418451e-01  -4.85020827e+00   2.20009355e+01
   -2.85216428e+08]
 [  8.21742060e-01   3.46730471e-01  -7.00187177e+00   2.22282313e+01
   -1.21279913e+08]
 [  5.59184550e-01   3.09533079e-01   1.90952619e+00   2.10889365e+01
   -6.28867270e+07]
 [  1.03592642e+00   3.58996283e-01  -7.49455327e+00   2.27464931e+01
   -5.90052913e+07]
 [  6.93094379e-01   3.37525110e-01  -5.41278965e+00   1.73415884e+01
   -1.19358798e+08]
 [  1.27382024e+00   4.43135128e-01  -7.32339868e-02   1.96864144e+01
   -1.23646841e+08]
 [  1.10916598e+00   4.15210981e-01  -5.15161435e+00   1.94394876e+01
   -1.93606034e+08]
 [  1.10465674e+00   4.34245721e-01  -1.84700892e+00   1.86455645e+01
   -1.53451493e+08]
 [  4.08989286e+00   6.55902219e-01  -4.68387368e-01   2.06857464e+01
   -1.53858301e+08]
 [  6.43528075e+00   7.07775803e-01  -2.09081021e+00   1.89882070e+01
   -1.04032285e+08]
 [  1.79923187e+00   4.84033291e-01  -9.45318022e+00   2.17698932e+01
   -9.57162518e+07]
 [  5.67662835e-01   3.47942960e-01  -8.70191381e+00   2.03849004e+01
   -6.32344072e+07]
 [  6.06953791e-01   3.63971154e-01  -4.73350184e+00   1.92979955e+01
   -5.24667733e+07]
 [  3.15173581e-01   2.38489339e-01  -7.65066031e+00   8.48680027e+00
   -3.56739437e+07]
 [  7.72237836e-01   3.60811245e-01  -3.03312272e+00   2.10005449e+01
   -5.75292353e+07]
 [  1.60578305e+00   4.86843677e-01  -6.43204317e+00   2.12126437e+01
   -1.46510441e+08]
 [  1.60353877e+00   5.92610919e-01   1.49363482e+00   2.01758155e+01
   -5.20931801e+08]
 [  2.82784929e+01   8.49059340e-01  -2.78372013e+00   2.10675640e+01
   -7.30758332e+08]
 [  1.05640734e+01   7.63160387e-01  -7.37553301e-02   1.97816165e+01
   -3.00019904e+08]
 [  8.68140425e+00   7.35329358e-01  -6.00493219e-01   2.07346337e+01
   -6.40484806e+08]
 [  3.84838082e+00   6.30033768e-01   8.07691890e-01   1.85208583e+01
   -2.06154430e+08]
 [  1.12209941e+01   7.74639443e-01  -1.19801848e+00   1.86279545e+01
   -3.13495078e+08]
 [  2.11688978e+00   5.42610319e-01  -3.11035382e+00   1.69800526e+01
   -1.75757027e+08]
 [  4.67052847e-01   3.21668442e-01  -1.22283669e+00   1.91409608e+01
   -1.42577355e+08]
 [  1.67710290e+00   5.15880302e-01  -1.43735557e+01   2.03100147e+01
   -9.80360700e+07]
 [  2.05822490e+00   5.59146592e-01  -6.13472488e-01   1.96650964e+01
   -9.19813002e+07]
 [  1.20781149e+00   5.01302714e-01   3.28750495e+00   2.04814486e+01
   -1.56451259e+08]
 [  1.26432745e+00   4.65266251e-01  -6.75407202e+00   1.22573617e+01
   -1.78949852e+08]
 [  7.12619651e-01   3.86585535e-01  -2.31386964e+00   1.91512904e+01
   -1.35593279e+08]
 [  1.95942057e+00   5.19869235e-01  -2.73723314e+00   2.01550349e+01
   -1.00481722e+08]
 [  1.21455915e+00   4.16925973e-01  -9.91122743e-01   2.12080183e+01
   -8.33266078e+07]
 [  9.97562529e-01   4.06508937e-01   7.70539987e-01   2.29674598e+01
   -3.58668482e+07]
 [  1.70816735e+00   4.93762120e-01  -6.33324474e-01   2.28235243e+01
   -3.90940095e+07]
 [  9.13629888e-01   4.66091111e-01  -2.97923245e-01   2.29423266e+01
   -7.45625278e+07]
 [  2.94225755e+00   5.98511762e-01  -2.24443810e+00   2.30818613e+01
   -6.91219512e+07]
 [  4.53258147e+00   6.87487634e-01  -2.55998867e+00   1.93595821e+01
   -1.28004531e+08]
 [  1.30106312e+00   4.16838383e-01  -5.71954443e+00   2.34864262e+01
   -1.58476456e+08]
 [  1.01605578e+00   4.24245992e-01   2.12742208e+00   1.43151970e+01
   -1.44235176e+08]
 [  9.19571164e-01   3.68465315e-01  -3.79403907e+00   2.25084955e+01
   -1.77506746e+08]
 [  8.70976031e-01   4.11941869e-01   7.39765377e-01   2.16074095e+01
   -1.00750054e+08]
 [  1.41410371e+00   4.97473251e-01   1.05385007e+00   1.88724461e+01
   -1.00851816e+08]
 [  8.94769857e-01   3.84850999e-01   6.83928491e-01   1.91118696e+01
   -1.17061611e+08]
 [  1.22838491e+00   4.07017021e-01  -7.42947657e+00   2.17926099e+01
   -8.88684786e+07]
 [  6.02474476e-01   3.70445575e-01  -5.86726534e+00   2.13626385e+01
   -1.39522488e+08]
 [  1.44328945e+00   4.77319702e-01  -1.54274763e+00   2.11673155e+01
   -1.20367569e+08]
 [  1.21376791e+00   4.81367398e-01  -4.02835137e+00   1.96761568e+01
   -2.31053248e+08]
 [  6.73995121e-01   3.43434970e-01  -3.94061167e+00   2.22198608e+01
   -2.75032702e+08]
 [  9.96140276e-01   3.88415668e-01  -5.97311739e+00   1.97841936e+01
   -2.36400376e+08]
 [  9.20265793e-01   3.98498637e-01  -8.08222275e+00   1.96615366e+01
   -1.96906242e+08]
 [  8.26942965e-01   3.96017871e-01  -8.73984847e+00   2.18037121e+01
   -1.46470316e+08]
 [  9.84792021e-01   4.12153826e-01  -1.35149362e+01   1.73295572e+01
   -8.33661077e+07]
 [  1.74422728e+00   5.09962097e-01  -3.26744200e+00   2.18953112e+01
   -4.48931565e+07]
 [  1.12823533e+00   4.07039036e-01  -8.73798714e+00   2.12946861e+01
   -5.39933922e+07]
 [  2.28424312e+00   5.60188675e-01  -1.29455533e+01   1.32374186e+01
   -5.90797873e+07]
 [  2.72460670e+00   5.93480224e-01   9.27137513e-01   2.06340819e+01
   -4.77138813e+07]
 [  2.60976805e+00   5.88431069e-01  -1.06118462e+01   1.98477374e+01
   -7.68505418e+07]]
[[  5.74263128e-01   3.48972049e-01  -3.94651989e+00   1.03699714e+01
   -2.79392545e+08]
 [  1.18459523e+00   4.19813214e-01  -9.26130066e+00   1.02616860e+01
   -3.26119049e+08]
 [  2.96679236e+00   5.89105253e-01  -8.57350871e+00   1.08188241e+01
   -5.26272224e+08]
 [  1.18942334e+00   4.29209136e-01  -5.63354073e+00   1.27984825e+01
   -3.84734675e+08]
 [  3.39540069e+00   6.18301263e-01  -8.44352803e-01   1.36584909e+01
   -2.34340924e+08]
 [  1.33209690e+01   7.84080051e-01  -2.26948937e+00   1.47943011e+01
   -2.19544594e+08]
 [  2.69492859e+00   5.56969388e-01  -8.07428104e+00   1.41399370e+01
   -1.85151125e+08]
 [  1.73995685e+00   4.85645820e-01  -6.47804191e+00   1.23027725e+01
   -2.85337485e+08]
 [  1.83804320e+00   4.81105130e-01  -3.34193271e+00   1.36311077e+01
   -2.88193083e+08]
 [  2.50294874e+00   5.42659918e-01  -2.86286123e+00   1.12824897e+01
   -2.89726534e+08]
 [  4.68792018e+00   6.54665028e-01  -4.82799821e-01   1.32075620e+01
   -3.53092263e+08]
 [  2.31229677e+00   5.34971644e-01  -7.58478277e+00   1.46020023e+01
   -5.11896220e+08]
 [  2.69047773e+00   5.71865753e-01  -1.20969466e+01   8.88997987e+00
   -5.44000636e+08]
 [  3.16674589e+00   5.98255066e-01  -2.25908606e+01   1.43893087e+01
   -8.77683192e+08]
 [  1.01390427e+00   3.89447157e-01  -9.46451831e+00   1.46270550e+01
   -7.54980454e+08]
 [  1.35044764e+00   4.56163064e-01  -7.57672256e+00   1.43885385e+01
   -3.74864350e+08]
 [  1.50055563e+00   4.87679791e-01  -2.55978563e+00   1.32177974e+01
   -6.28807949e+08]
 [  1.08450376e+00   4.26813087e-01  -4.96515680e+00   1.54259462e+01
   -5.11640026e+08]
 [  1.30431805e+00   4.40556032e-01  -9.54249764e+00   1.22680281e+01
   -4.78515723e+08]
 [  8.65154716e-01   3.77875706e-01  -2.73020386e+00   1.07656606e+01
   -4.22756224e+08]
 [  1.15195461e+00   4.28189886e-01  -6.25272859e+00   1.24692091e+01
   -3.05785454e+08]
 [  8.70260403e-01   3.88114754e-01  -2.05437726e+00   1.29855172e+01
   -4.59113641e+08]
 [  4.16192058e+00   6.43572610e-01  -1.17080185e+00   9.09729292e+00
   -3.87126117e+08]
 [  2.29139720e+00   5.53486616e-01  -4.25672746e+00   1.32945351e+01
   -3.67197922e+08]
 [  2.98528138e+00   6.01553688e-01  -1.11402543e+01   1.38122224e+01
   -3.60396838e+08]
 [  1.19303931e+00   4.46962491e-01  -1.34354332e+01   1.32164055e+01
   -2.67261552e+08]
 [  1.35425997e+00   4.74480867e-01  -3.89931923e+00   1.30422669e+01
   -2.55315455e+08]
 [  1.21404736e+00   4.28853064e-01   1.24155713e+00   1.45993008e+01
   -2.19278825e+08]
 [  1.74447651e+00   4.75627876e-01  -8.40515447e+00   9.30526105e+00
   -2.45753601e+08]
 [  6.77486214e-01   3.43074079e-01  -8.64974632e-01   1.36456132e+01
   -1.57258478e+08]
 [  6.94041874e-01   3.57136891e-01  -1.58021601e+01   1.36286681e+01
   -2.08201266e+08]
 [  5.82229778e-01   3.19775371e-01  -3.93918931e+00   1.28940031e+01
   -1.94358362e+08]
 [  7.87321910e-01   3.52860894e-01  -1.72482493e-01   1.41978568e+01
   -3.17520224e+08]
 [  1.37520947e+00   4.63387778e-01  -1.72298762e+01   1.29795525e+01
   -4.52412732e+08]
 [  1.65420652e+00   5.17552329e-01  -1.03016706e+01   1.25316635e+01
   -5.60416283e+08]
 [  2.12413950e+00   5.25123889e-01  -2.19926053e+00   1.40968325e+01
   -4.52796905e+08]
 [  1.68045302e+00   4.77578897e-01  -1.01886526e+00   9.20685659e+00
   -2.36749100e+08]
 [  2.57525461e+00   5.57141135e-01  -7.60009735e+00   1.13041206e+01
   -3.61876057e+08]
 [  5.36477048e-01   3.40782565e-01  -4.31568644e+00   1.40782944e+01
   -3.21558372e+08]
 [  8.68866895e-01   4.03545921e-01  -6.52502194e+00   1.23966225e+01
   -2.20428163e+08]
 [  4.68851128e-01   3.02349274e-01  -8.29243263e+00   1.27437951e+01
   -2.24013921e+08]
 [  8.18283962e-01   3.67352249e-01  -3.76782698e+00   1.21640376e+01
   -2.80477957e+08]
 [  1.41855376e+00   4.67183168e-01  -6.41880005e+00   1.39518050e+01
   -2.16732915e+08]
 [  8.06364899e-01   3.66538241e-01  -5.83954953e+00   1.34593922e+01
   -3.38273714e+08]
 [  6.20512024e-01   3.22784720e-01  -5.14583412e+00   6.37830305e+00
   -3.28129757e+08]
 [  2.25011635e+00   5.15457808e-01  -2.98542636e-02   1.53635510e+01
   -6.28631364e+08]
 [  2.17083749e+00   5.38417436e-01  -1.57023653e+01   9.19308758e+00
   -6.58975341e+08]
 [  8.33454812e-01   3.59441966e-01  -6.08435448e+00   1.19327448e+01
   -6.59222112e+08]
 [  2.52148758e+00   5.62232395e-01  -1.40065969e+01   1.51142559e+01
   -4.57330160e+08]
 [  3.01384915e+00   5.82605827e-01  -3.64768343e+00   1.31122862e+01
   -3.15605749e+08]
 [  1.18000886e+01   7.69115300e-01  -2.94501202e+00   9.53702494e+00
   -4.41085570e+08]
 [  3.94675160e+00   6.31280836e-01  -1.95632373e+00   1.20498194e+01
   -6.85706563e+08]
 [  3.71056698e+00   6.10054225e-01  -3.14653331e+00   1.15240196e+01
   -4.59073825e+08]
 [  4.38987266e+00   6.48647411e-01  -6.47034605e+00   1.05338901e+01
   -4.47115230e+08]
 [  6.44608713e+00   6.98684722e-01  -3.33942188e+00   1.13867664e+01
   -3.92741947e+08]
 [  3.76383584e+00   6.11992717e-01  -8.41161593e+00   9.08002458e+00
   -3.01511901e+08]
 [  4.66312533e+00   6.38206257e-01  -4.05079469e+00   1.13378389e+01
   -3.26506219e+08]
 [  2.98952433e+00   5.76799331e-01  -1.53106546e+01   1.55031858e+01
   -4.91387869e+08]
 [  4.53665983e+00   6.42215879e-01  -1.26692121e+01   1.23684173e+01
   -4.09382301e+08]
 [  3.45084271e+00   6.04569372e-01  -8.60378984e+00   1.31172207e+01
   -2.98971293e+08]
 [  5.03224122e+00   6.92627078e-01  -4.61999328e+00   7.43955878e+00
   -5.13807588e+08]
 [  3.71500483e+00   6.44169991e-01  -3.92500485e+00   1.07813262e+01
   -8.54717366e+08]
 [  7.77311581e+00   7.31713801e-01  -1.27777879e+01   1.24747211e+01
   -9.64849974e+08]
 [  5.71595127e+00   6.76152103e-01  -8.11683810e+00   1.56057210e+01
   -9.47859285e+08]
 [  5.81631349e+00   6.88665136e-01  -3.73574986e+00   1.40143185e+01
   -6.39080608e+08]
 [  5.54794038e+00   6.88831952e-01  -1.23021587e+01   1.42539468e+01
   -3.70296608e+08]
 [  2.18590109e+01   8.36677409e-01  -5.79043278e+00   1.26564560e+01
   -3.47100989e+08]
 [  7.37080508e+00   7.21778015e-01  -5.09964703e+00   1.43675888e+01
   -3.92306592e+08]
 [  4.91752642e+00   6.67686513e-01  -3.21984019e+00   1.44332244e+01
   -6.60867940e+08]
 [  4.11585283e+00   6.33692916e-01  -4.85907472e+00   1.16957937e+01
   -5.53831993e+08]
 [  2.12809866e+00   5.44072274e-01  -2.04882888e+00   1.08052713e+01
   -4.74015444e+08]
 [  1.32698193e+00   4.51121468e-01  -4.95639569e+00   1.13789027e+01
   -3.29663860e+08]
 [  4.30403988e+00   6.37130238e-01  -5.28418353e+00   1.30843589e+01
   -2.61309663e+08]
 [  9.48444785e+00   7.57187723e-01  -2.00396083e+00   4.90193834e+00
   -3.09919519e+08]
 [  9.79258984e+00   7.63508996e-01  -5.40762442e+00   1.34946908e+01
   -2.81053789e+08]
 [  1.41051132e+01   8.05670939e-01  -1.03610469e+01   1.41568062e+01
   -3.07137414e+08]
 [  6.15773538e+00   6.99485194e-01  -2.74685300e+00   1.43812433e+01
   -4.16928782e+08]
 [  6.06820026e+00   6.99044719e-01  -2.82397109e+00   1.46045824e+01
   -4.86786040e+08]
 [  9.95750475e+00   7.69111441e-01  -8.86756223e+00   1.25431923e+01
   -4.34975725e+08]
 [  5.60907205e+00   7.01233517e-01  -5.21246022e+00   1.42477939e+01
   -2.03391941e+08]
 [  3.37511678e+00   6.38427488e-01  -6.00599847e+00   1.18586057e+01
   -5.43139056e+08]
 [  2.72865665e+00   5.88777602e-01  -1.05578248e+01   1.20711498e+01
   -6.31532173e+08]
 [  2.11999460e+00   5.09818167e-01  -5.03977829e+00   1.44469811e+01
   -3.91833146e+08]
 [  5.31321200e+00   6.82248981e-01  -4.08813440e+00   1.38855282e+01
   -2.18237165e+08]
 [  3.85009781e+00   6.50372251e-01  -3.45052237e+00   1.44109639e+01
   -1.81182191e+08]
 [  3.21139957e+00   6.19613759e-01  -1.05559013e+01   9.48713145e+00
   -2.19014571e+08]
 [  1.53894308e+00   4.92155931e-01  -1.50287955e+00   1.43683948e+01
   -2.37128912e+08]
 [  1.05874381e+00   4.42152272e-01  -1.78517101e-01   1.19264363e+01
   -2.08393073e+08]]
[[  1.16738453e+00   3.31456114e-01  -3.24952914e+00   2.63475497e+01
   -4.10264098e+08]
 [  2.20591472e+00   5.72188137e-01  -5.45187987e+00   2.16143962e+01
   -2.38985520e+08]
 [  2.07444914e+01   8.36773396e-01  -2.73378211e+00   2.53293989e+01
   -1.74283636e+08]
 ..., 
 [  2.90913074e+00   6.08103191e-01  -7.19529382e-01   2.45360105e+01
   -1.37962620e+08]
 [  1.53505626e+00   5.40124456e-01  -1.10095123e+01   1.87431399e+01
   -3.79561457e+08]
 [ -1.84640710e+00   9.79927148e-01  -7.12250823e+00   2.62783360e+01
   -8.22232957e+08]]
[[  4.16836333e+00   6.41826364e-01  -1.49291578e+01   1.68459327e+01
   -2.63319249e+08]
 [  2.06984993e+00   5.45468593e-01  -4.80135272e+00   1.60314675e+01
   -1.72792074e+08]
 [  4.08807972e+00   6.47900521e-01  -4.09834149e+00   1.67990821e+01
   -1.21510565e+08]
 [  1.79818055e+00   4.97030721e-01  -3.92123827e+00   1.48026453e+01
   -1.67390164e+08]
 [  7.57197570e+00   7.23454276e-01  -3.10950758e+00   1.29115767e+01
   -1.30362105e+08]
 [  1.73721004e+00   5.01913832e-01  -8.55432958e+00   1.47536417e+01
   -1.65544792e+08]
 [  1.40966754e+00   4.74414702e-01  -1.07596627e+01   1.25399278e+01
   -1.34064651e+08]
 [  1.26759728e+00   4.47339865e-01  -3.23926859e+00   1.36510176e+01
   -7.94070106e+07]
 [  2.44444657e+00   5.48452674e-01  -2.06765339e+00   1.25448734e+01
   -1.34726969e+08]
 [  3.69572358e+00   6.24077427e-01  -8.19518053e+00   1.18245584e+01
   -1.22927911e+08]
 [  6.80085937e+00   7.18580614e-01  -4.42489302e+00   1.37506612e+01
   -1.35806093e+08]
 [  1.80042423e+00   5.17255642e-01  -6.88831848e+00   1.41874296e+01
   -1.58797955e+08]
 [  1.90137320e+00   5.19250758e-01  -9.07658347e+00   1.31607548e+01
   -2.84670493e+08]
 [  1.32379718e+00   4.70836763e-01  -2.47065332e+00   1.46526705e+01
   -2.80166568e+08]
 [  8.02270045e-01   3.56952212e-01  -2.15436530e+00   1.08893974e+01
   -3.39192649e+08]
 [  1.54986830e+00   5.00628785e-01  -1.17925687e+00   1.42768318e+01
   -2.74177458e+08]
 [  2.03555935e+00   5.50376523e-01  -2.19966045e+00   1.31378090e+01
   -1.89435800e+08]
 [  1.62472631e+00   5.21563690e-01  -5.75212988e+00   1.07108302e+01
   -2.22209847e+08]
 [  1.72393205e+00   5.11226366e-01  -8.92237369e+00   1.44642574e+01
   -2.05276393e+08]
 [  2.95369506e+00   6.08070432e-01  -5.16415412e+00   1.20480737e+01
   -1.37557666e+08]
 [  2.81496698e+00   5.95741050e-01  -1.59807566e+01   9.53968616e+00
   -1.64505679e+08]
 [  1.37162340e+00   4.82592137e-01  -4.04466143e+00   8.38484992e+00
   -1.48967966e+08]
 [  2.66699746e+00   5.98392722e-01  -1.96698815e+01   9.13395043e+00
   -7.24434567e+07]
 [  8.28268691e+00   7.55727127e-01  -9.85330139e+00   9.15850700e+00
   -7.19854311e+07]
 [  3.65189457e+00   6.34047971e-01  -8.70581609e+00   1.32153278e+01
   -9.33715432e+07]
 [  3.61121453e+00   6.32306936e-01  -1.33952083e+00   1.41237772e+01
   -6.05683900e+07]
 [  1.18748219e+01   7.86351367e-01   1.44525982e+00   9.23558726e+00
   -8.51996445e+07]
 [  7.16183533e+00   7.27956386e-01  -1.34368315e+00   1.16382196e+01
   -6.54690194e+07]
 [  3.57531064e+00   6.34688000e-01  -5.55641591e+00   1.28871235e+01
   -1.02388830e+08]
 [  8.91187632e+00   7.50786117e-01  -4.01210955e+00   1.28459414e+01
   -6.84531588e+07]
 [  4.90754237e+00   6.61371476e-01  -7.59899565e+00   1.15191938e+01
   -7.26455520e+07]
 [  1.51859001e+00   4.78751903e-01  -1.57556279e+00   9.79820324e+00
   -4.65587390e+07]
 [ -8.32307723e+00   7.65876324e-01  -8.50951024e+00   1.13701402e+01
   -7.63857701e+07]
 [  6.43814872e+00   6.98517684e-01  -9.32823156e-01   1.39654435e+01
   -9.02909223e+07]
 [  2.37176133e+00   5.54700142e-01  -5.76425310e+00   1.18476750e+01
   -1.06868051e+08]
 [  1.84928727e+00   5.01485538e-01  -2.68196682e-01   1.31177592e+01
   -1.03479693e+08]
 [  1.93779141e+00   5.21065559e-01  -1.63499344e+00   1.01126180e+01
   -9.57819340e+07]
 [  1.20276000e+00   4.46927498e-01  -1.38212906e+01   1.21942174e+01
   -8.99602162e+07]
 [  1.18157895e+00   4.33386636e-01  -3.08435564e+00   1.49484093e+01
   -1.25314920e+08]
 [  2.37232796e+00   5.37759241e-01  -3.02662760e+00   9.42186279e+00
   -1.60586395e+08]
 [  2.27938315e+00   5.35764624e-01  -1.90741350e+00   1.53599544e+01
   -1.83160344e+08]
 [  2.64564164e+00   5.82842371e-01  -2.33495661e+01   1.58952912e+01
   -8.52485940e+07]
 [  2.50597126e+00   5.81014595e-01  -1.05724028e+01   1.59910208e+01
   -1.20922662e+08]
 [  2.69000766e+00   5.88827240e-01  -4.97087125e+00   1.50717318e+01
   -9.09034996e+07]
 [  8.70265859e+00   7.49510660e-01  -9.25575514e+00   1.45215536e+01
   -8.27251969e+07]
 [  2.79050656e+00   5.82880812e-01  -2.72969937e+00   1.44459009e+01
   -8.33277013e+07]
 [  3.75477125e+00   6.33459584e-01  -8.65985457e+00   1.37759995e+01
   -1.05958998e+08]
 [  1.41441419e+00   4.71210290e-01  -8.99367711e+00   1.02743642e+01
   -1.22836310e+08]
 [  2.13035197e+00   5.34512023e-01  -6.79070267e+00   1.36429148e+01
   -1.24260602e+08]
 [  1.59184061e+00   4.98895928e-01  -1.94645556e+01   1.19589320e+01
   -1.62615409e+08]
 [  1.80145834e+00   5.07773541e-01  -7.96664542e+00   1.49065821e+01
   -1.96037463e+08]
 [  1.81958311e+00   5.06637668e-01  -7.40997935e+00   1.22536152e+01
   -2.60278728e+08]
 [  1.50046460e+00   4.88485656e-01  -5.55258762e+00   1.11018961e+01
   -2.39652254e+08]
 [  2.58399940e+00   5.95661011e-01  -6.60041767e+00   1.38694458e+01
   -3.48197478e+08]
 [  2.59658780e+00   5.91730411e-01  -6.62995316e+00   1.29111556e+01
   -3.73008739e+08]
 [  1.16098593e+00   4.33491629e-01  -7.30122037e-01   1.43002104e+01
   -3.44592986e+08]
 [  1.49139321e+00   4.98610716e-01  -4.48223264e+00   9.86419275e+00
   -2.35962561e+08]
 [  1.22786417e+00   4.65065148e-01  -1.12012375e+01   1.24683092e+01
   -3.21481258e+08]
 [  1.53135877e+00   4.93076696e-01  -5.03573715e+00   1.20455865e+01
   -2.73891344e+08]
 [  1.69567310e+00   5.02183118e-01  -7.94176705e+00   1.01223838e+01
   -2.20357331e+08]
 [  1.71404477e+00   5.17662431e-01  -8.15659192e+00   1.29209490e+01
   -2.42378285e+08]
 [  1.85773699e+00   5.23932179e-01   3.48143033e-01   1.27364251e+01
   -1.78755468e+08]
 [  3.24517574e+00   6.21003723e-01  -1.19109297e+01   1.41902236e+01
   -2.29802059e+08]
 [  1.55998112e+00   4.88903867e-01  -2.45281142e+00   1.50772276e+01
   -1.34213780e+08]
 [  3.36970790e+00   6.27071885e-01  -1.63535746e+01   1.43116803e+01
   -1.21882452e+08]
 [  3.10297681e+00   6.06128024e-01  -3.68166506e+00   1.01359364e+01
   -1.26312100e+08]
 [  4.72896771e+00   6.77799309e-01  -4.45405186e+00   1.03319627e+01
   -8.40673359e+07]
 [  1.79122533e+01   8.22212764e-01  -1.63933778e+00   1.15458488e+01
   -6.55035991e+07]
 [  5.25203841e+00   6.84302138e-01  -3.36825751e+00   1.02918737e+01
   -8.30155543e+07]
 [  8.87058910e+00   7.49194232e-01  -9.21861439e+00   1.31409427e+01
   -1.07201495e+08]
 [  5.16842599e+00   6.71455480e-01  -2.66046061e+00   1.37849609e+01
   -1.44398963e+08]
 [  3.47489357e+00   6.09920596e-01  -5.09893260e+00   1.45394600e+01
   -1.17492853e+08]
 [  1.93735902e+00   5.06245221e-01  -9.11465189e+00   1.55235667e+01
   -1.52862532e+08]
 [  5.40294348e+00   6.84161669e-01  -8.86554527e+00   1.70546386e+01
   -1.40964225e+08]
 [  3.88186731e+00   6.20007927e-01  -3.50269825e+00   1.90420361e+01
   -2.17527066e+08]
 [  2.45405651e+00   5.60781413e-01  -4.79801607e+00   1.82762596e+01
   -1.78592657e+08]
 [  4.05925755e+00   6.52144276e-01  -1.70617619e+00   1.88120318e+01
   -2.20175172e+08]
 [  2.83174520e+00   5.96032600e-01  -6.12612262e+00   1.84343317e+01
   -2.07082175e+08]
 [  3.05908911e+00   6.04522252e-01  -4.01987492e+00   1.45932803e+01
   -2.01902182e+08]
 [  2.69681790e+00   5.80240148e-01  -1.00921765e+01   1.39923923e+01
   -2.57210424e+08]
 [  1.41087726e+01   8.06179475e-01  -8.56493421e+00   1.40896058e+01
   -1.71667239e+08]
 [  6.74281008e+00   7.24637133e-01  -9.76397383e-01   1.39595723e+01
   -1.68096644e+08]
 [  1.32562427e+01   7.98285652e-01  -7.84716167e+00   1.14174847e+01
   -3.18652345e+08]
 [  3.89974775e+00   6.45482211e-01  -1.11069928e+01   1.25947509e+01
   -2.25558454e+08]
 [  1.53407363e+00   4.75466688e-01  -1.03355783e+01   1.44960327e+01
   -4.85426308e+07]
 [  1.67138943e+00   5.16837445e-01  -9.54410998e+00   1.46589791e+01
   -1.60602014e+08]
 [  1.38424388e+00   4.79700292e-01  -6.62052202e+00   1.60694937e+01
   -2.42901129e+08]
 [  2.43333898e+00   5.88519067e-01  -1.85404613e+00   1.33301765e+01
   -3.16553831e+08]
 [  1.00534377e+00   4.41352518e-01  -1.15736214e+01   1.45679454e+01
   -7.20440490e+08]
 [  3.32537912e+00   6.11044425e-01  -1.68619603e+01   1.18919425e+01
   -6.14192825e+08]
 [  3.71754053e+00   6.43276222e-01  -2.02491156e+01   1.33433792e+01
   -3.44930136e+08]
 [  6.87790750e+00   7.32587652e-01  -1.19593296e+01   8.25200673e+00
   -3.03087941e+08]
 [  3.61765948e+00   6.32932247e-01  -2.18084584e+01   7.96271768e+00
   -4.22142475e+08]
 [  3.56264561e+00   6.38585856e-01  -2.82450914e+01   1.09458923e+01
   -4.13463823e+08]
 [  5.63661668e+00   7.01214565e-01  -2.38545834e+01   1.57988710e+01
   -3.26999428e+08]]
[[  5.39743671e-01   3.03611975e-01  -1.61518424e+01   1.33147865e+01
   -9.48349631e+07]
 [  1.40144309e+00   4.92290837e-01  -1.60269199e+00   1.68273881e+01
   -1.10796324e+08]
 [  4.78546945e-01   2.98452017e-01  -8.00114264e+00   1.10081072e+01
   -2.14288905e+08]
 ..., 
 [  2.33607467e-01   2.02633212e-01  -3.86120603e+00   1.55485683e+01
   -1.42660319e+07]
 [  2.96802245e-01   1.93634487e-01  -5.31199288e+00   1.69894619e+01
   -5.32378100e+05]
 [  3.98158042e-01   2.78683340e-01  -1.82982654e+00   1.20186919e+01
   -1.48182691e+04]]
[[  1.72305525e+00   5.22264402e-01   1.35420536e-01   2.17464105e+01
   -4.22134388e+08]
 [  5.51029711e-01   3.93760017e-01  -3.21315188e+00   2.13337296e+01
   -4.54163567e+08]
 [  7.55933441e-01   4.51314479e-01  -5.59044955e+00   1.98610406e+01
   -5.23200047e+08]
 ..., 
 [ -1.60846399e+01   8.67970424e-01  -2.39940337e+00   1.56359909e+01
   -1.64729870e+08]
 [  5.13307728e+00   6.70414459e-01  -3.36745415e+00   1.61787693e+01
   -1.57878332e+08]
 [ -9.81875451e+00   8.13271190e-01  -8.02535857e+00   1.01304893e+01
   -2.05096573e+08]]
[[  2.98371284e-01   2.37884683e-01  -1.30525773e+00   3.92135775e+00
   -4.42746336e+02]
 [ -1.37268406e+00   9.11016063e-01  -4.14999619e+00   9.29852584e+00
   -1.72455974e+04]
 [ -1.18565156e+00   8.82426297e-01   3.93132233e-01   1.49259314e+01
   -6.96747422e+06]
 ..., 
 [  4.39982117e-01   3.05394935e-01  -5.72714833e+00   1.74797206e+01
   -7.31341844e+08]
 [  1.00950646e+00   4.40150766e-01  -1.22972942e+00   2.05015288e+01
   -6.53521796e+08]
 [  1.00986637e+00   4.55776127e-01  -4.91131308e+00   1.67599323e+01
   -1.36337875e+09]]
[[  4.88036088e-01   3.50930858e-01   3.74143338e-01   1.98007867e+01
   -6.09858660e+07]
 [  4.72930407e-01   3.19484021e-01   1.02199799e+00   2.12163839e+01
   -5.41990039e+07]
 [  1.28181923e+00   4.96699053e-01  -4.21667082e+00   1.83677731e+01
   -5.59613001e+07]
 [  4.20240046e-01   2.81880810e-01  -4.31364628e+00   2.06721710e+01
   -4.51497521e+07]
 [  9.62800254e-01   4.16630010e-01   1.45155206e+00   1.97779259e+01
   -8.40088354e+07]
 [  1.01449073e+00   4.16015452e-01  -7.04474741e+00   2.18209986e+01
   -8.08783083e+07]
 [  1.08697710e+00   4.42036577e-01  -4.99875486e+00   2.14436884e+01
   -7.88562101e+07]
 [  8.87645530e-01   4.00064283e-01  -3.16552449e+00   1.54272687e+01
   -5.03744187e+07]
 [  1.03363209e+00   4.34468343e-01  -1.20024223e+01   2.08200197e+01
   -5.81718294e+07]
 [  8.06812942e-01   3.55123077e-01  -4.36878974e+00   2.14854863e+01
   -5.47188766e+07]
 [  7.02445858e-01   3.86806104e-01  -3.79457653e+00   2.13533441e+01
   -6.28158035e+07]
 [  1.56374067e+00   4.45161642e-01  -1.40698094e+00   2.29686855e+01
   -6.85543583e+07]
 [  6.28502195e-01   3.18784738e-01  -1.66053337e+00   1.97187082e+01
   -5.81709946e+07]
 [  1.26583145e+00   4.32660304e-01  -6.84104043e+00   2.27319058e+01
   -5.33519694e+07]
 [  1.39582025e+00   4.40679888e-01  -8.92563093e+00   2.23825134e+01
   -7.91065318e+07]
 [  6.07536452e-01   3.33478861e-01  -5.93571200e+00   1.99084923e+01
   -7.28315982e+07]
 [  6.69389328e-01   3.60770867e-01  -6.51248340e+00   1.38667855e+01
   -1.22065238e+08]
 [  9.60999955e-01   3.96659329e-01  -1.29610769e+01   1.47542968e+01
   -1.50378535e+08]
 [  2.30184138e+00   5.57164105e-01  -5.94382034e+00   2.06798317e+01
   -2.72469670e+08]
 [  2.16988695e+00   5.46149276e-01  -2.70098033e+00   2.18560904e+01
   -3.31836965e+08]
 [  1.90189484e+00   5.37644834e-01  -2.09664943e+00   2.00165841e+01
   -5.98307627e+08]
 [  3.28540147e+00   6.34659664e-01  -5.14906184e+00   2.08814915e+01
   -6.81587227e+08]
 [  3.53371596e+00   6.40672842e-01  -3.46746425e+00   1.93779641e+01
   -8.71237538e+08]
 [  3.46941879e+00   6.47957702e-01  -5.13815349e+00   1.98101149e+01
   -6.70987551e+08]
 [  5.16965959e+00   6.81597814e-01  -1.29029244e+01   1.82323785e+01
   -5.80655071e+08]
 [  2.69678682e+00   5.89884501e-01  -6.13784406e+00   1.86772037e+01
   -7.23835370e+08]
 [  6.48703327e+00   7.28619248e-01   5.74254510e-02   1.73270035e+01
   -6.35860620e+08]
 [  1.57362347e+00   5.12547488e-01  -5.13782407e+00   1.80168185e+01
   -4.89847222e+08]
 [  7.97391898e+00   7.53776108e-01  -5.30018576e+00   1.85973740e+01
   -3.02648965e+08]
 [  5.46570064e+00   7.04662388e-01  -8.04231255e+00   1.84362588e+01
   -2.57874062e+08]
 [  8.06268462e+01   9.19770550e-01  -4.50718018e+00   1.80223787e+01
   -2.18785279e+08]
 [  1.31027486e+01   8.12087726e-01  -7.48182105e+00   1.77773903e+01
   -2.21297807e+08]
 [  4.09849655e+00   6.71808137e-01  -4.13868158e+00   1.92369957e+01
   -2.27174146e+08]
 [  3.29068817e+00   6.32681174e-01  -1.48308442e-01   1.71783531e+01
   -2.35660326e+08]
 [  1.81439797e+01   8.31116099e-01  -1.12841623e+01   1.91041143e+01
   -2.70613114e+08]
 [  5.46355170e+00   7.04923582e-01  -3.59647163e+00   2.00143487e+01
   -2.84952004e+08]
 [  2.03648940e+01   8.40850447e-01  -4.64999145e+00   1.98832558e+01
   -1.79297551e+08]
 [  5.16999890e+00   6.86938528e-01  -8.11432693e+00   1.95457120e+01
   -2.60613208e+08]
 [  1.43573445e+01   8.06203113e-01  -4.59045744e+00   1.30092750e+01
   -2.88153387e+08]
 [  5.78481826e+00   7.11499317e-01  -6.58343696e+00   1.54649032e+01
   -2.89782506e+08]
 [  8.29150031e+00   7.58430888e-01  -5.61136872e+00   1.66904923e+01
   -3.72807657e+08]
 [  8.23024100e+00   7.45739204e-01  -6.57974716e+00   1.42573858e+01
   -2.51471918e+08]
 [  4.46083118e+01   8.86906746e-01  -4.62083356e+00   1.66719051e+01
   -1.59492983e+08]
 [  9.06978497e+00   7.49520159e-01  -6.93121590e+00   1.85201734e+01
   -1.42877896e+08]
 [  1.09765334e+01   7.68551061e-01  -8.46516433e+00   2.03801825e+01
   -9.63343259e+07]
 [  3.37366239e+01   8.63762851e-01  -9.56750405e+00   1.06348161e+01
   -2.24570374e+08]
 [  9.77016863e+00   7.53991043e-01  -1.26886341e+01   2.16160704e+01
   -1.19585214e+08]
 [  3.90848565e+01   8.74100113e-01  -8.76698547e+00   2.01330165e+01
   -1.42453195e+08]
 [  1.19320707e+01   7.77324576e-01  -1.06206533e+01   1.98500519e+01
   -1.74227765e+08]
 [  4.12742798e+00   6.41147444e-01  -8.45045177e+00   1.80846294e+01
   -2.08510086e+08]
 [  3.13673618e+01   8.61791054e-01  -7.16401294e+00   1.85225313e+01
   -1.42643141e+08]
 [  1.05004905e+01   7.64973425e-01  -7.29164910e+00   2.24189833e+01
   -1.31561865e+08]
 [  5.11800785e+00   6.78636640e-01  -6.28275515e+00   1.88347703e+01
   -1.24409630e+08]
 [  1.18038854e+01   7.79498024e-01  -7.28443118e+00   2.21513435e+01
   -1.49054209e+08]
 [  2.08730520e+01   8.34490329e-01  -3.84156755e+00   2.12665035e+01
   -1.68617459e+08]
 [  1.05375239e+01   7.71298297e-01  -9.95955040e+00   2.10681180e+01
   -2.36546720e+08]
 [  2.82248763e+01   8.61032225e-01  -2.96943045e+00   1.61503346e+01
   -1.67868631e+08]
 [  4.54360316e+01   8.90064138e-01  -3.34391841e+00   2.17995908e+01
   -2.00585124e+08]
 [  9.18909954e+00   7.59929575e-01  -5.39031966e+00   2.09257551e+01
   -1.04803619e+08]
 [  1.59432264e+01   8.16218531e-01  -2.76109683e+00   2.22106477e+01
   -1.59372853e+08]
 [  1.12290615e+01   7.86656027e-01  -1.23910738e-01   2.02609245e+01
   -1.18301782e+08]
 [  2.22846850e+01   8.46175428e-01  -3.23961482e-01   2.21093729e+01
   -1.74805863e+08]
 [  9.58391708e+00   7.68378027e-01  -6.88820187e+00   1.83310877e+01
   -1.63528478e+08]
 [  7.89271685e+00   7.41127453e-01  -4.78041083e+00   2.04566451e+01
   -1.65672802e+08]
 [  1.65396531e+01   8.21457828e-01  -4.37449576e-02   2.05865741e+01
   -1.48766721e+08]
 [  1.61431582e+01   8.17900220e-01  -3.64672350e+00   1.44687392e+01
   -1.23197612e+08]
 [  5.17580439e+02   9.67385528e-01  -1.02501162e+01   2.09924166e+01
   -7.68683484e+07]
 [  1.26013648e+01   7.94189760e-01  -5.25085417e+00   1.86546797e+01
   -1.69014395e+08]
 [ -1.38155074e+02   9.53324237e-01  -8.79540245e+00   2.07648314e+01
   -1.57679707e+08]
 [  3.99112298e+01   8.81575263e-01  -3.77175929e+00   1.62041906e+01
   -6.34814703e+07]
 [  2.64941419e+01   8.55357380e-01  -7.00980496e+00   1.67934818e+01
   -1.10587541e+08]
 [  2.22364987e+01   8.42491560e-01  -1.06245400e+01   1.96241696e+01
   -1.21601662e+08]
 [ -3.17094121e+01   9.59170759e-01  -5.49140954e+00   2.12790779e+01
   -1.42055847e+08]
 [  2.07637620e+01   8.39974669e-01  -6.47813377e+00   1.79884251e+01
   -5.22206814e+07]
 [  9.99169850e+00   7.70779424e-01  -5.62471699e+00   1.88480902e+01
   -5.53150575e+07]
 [  3.02469015e+01   8.65382511e-01  -6.03755030e+00   1.90988515e+01
   -5.82591925e+07]
 [  3.22411936e+01   8.69258698e-01  -5.93161463e+00   1.51894846e+01
   -1.17337139e+08]
 [  5.60295433e+01   9.00767130e-01  -6.28731089e+00   1.88743544e+01
   -6.52786886e+07]
 [  1.47869963e+01   8.10795846e-01  -8.23820919e+00   1.48010684e+01
   -8.93669175e+07]
 [  1.28758001e+02   9.34072855e-01  -6.73341717e+00   1.87358497e+01
   -1.06232559e+08]
 [  1.92220257e+01   8.31480913e-01  -7.94264873e+00   1.64553754e+01
   -1.44515591e+08]
 [  2.68820680e+01   8.57488660e-01  -8.04491991e+00   1.29510361e+01
   -1.08814437e+08]
 [  2.39115625e+01   8.51414184e-01  -6.62186607e+00   1.76608103e+01
   -1.84020704e+08]
 [ -2.05703581e+02   9.85883828e-01  -6.67114418e+00   2.01915914e+01
   -1.71932914e+08]
 [  8.14933145e+00   7.53040445e-01  -6.92706482e+00   1.43878694e+01
   -1.47830028e+08]
 [  1.37580918e+01   8.05596644e-01  -5.80783270e+00   1.94879717e+01
   -1.59884463e+08]
 [  7.97915919e+00   7.45337409e-01  -5.92050670e+00   1.52865997e+01
   -1.33570425e+08]
 [ -1.32581552e+01   9.34569602e-01  -2.22986534e+01   1.11673196e+01
   -2.61781432e+08]
 [  2.75049515e+01   8.59280827e-01  -6.23145252e+00   1.85248337e+01
   -2.54985974e+08]
 [  9.22118034e+00   7.63248166e-01  -6.75612788e+00   1.34919884e+01
   -3.38325547e+08]
 [  9.14543233e+00   7.60006614e-01  -6.63521763e+00   1.69837077e+01
   -2.32743310e+08]
 [  8.11206077e+00   7.48182287e-01  -5.13307415e+00   1.78796091e+01
   -2.97320292e+08]
 [  5.89741458e+00   7.13363306e-01  -7.64264240e+00   1.66006180e+01
   -4.13573199e+08]
 [  1.08602708e+01   7.87215743e-01  -1.25626260e+00   1.97273108e+01
   -3.97533963e+08]
 [  2.77542040e+00   6.09960419e-01  -4.54339583e+00   1.96615543e+01
   -3.54258055e+08]
 [  4.95434989e+00   6.86400991e-01  -6.13308114e+00   1.45434770e+01
   -6.57847490e+07]
 [  4.62621183e+00   6.72274853e-01  -9.11916966e+00   1.89806760e+01
   -1.14000080e+08]
 [  5.69122381e+00   6.96947618e-01  -4.97805729e+00   1.78669889e+01
   -9.63911539e+07]
 [  1.98879814e+00   5.44760850e-01  -3.00713269e+00   1.92932934e+01
   -1.60015715e+08]
 [  1.74612191e+00   5.32998845e-01  -4.64914425e+00   1.96446040e+01
   -1.33016009e+08]
 [  3.80631959e+00   6.47194937e-01  -1.15034237e+00   1.71338348e+01
   -4.91095760e+08]
 [  3.95773815e+00   6.55146518e-01  -2.83152197e+00   1.66128792e+01
   -5.87175577e+08]
 [  5.69011449e+00   7.05258983e-01  -1.03851885e+01   1.72506536e+01
   -3.53838603e+08]
 [  1.73323365e+01   8.25420037e-01  -7.56722168e+00   1.54998612e+01
   -2.37241649e+08]
 [  1.02413768e+01   7.73226329e-01  -2.82094864e+00   1.87586923e+01
   -4.45118034e+07]
 [  1.15289113e+01   7.85477140e-01  -1.03465422e+01   1.77156051e+01
   -1.22932972e+08]
 [ -2.07931079e+01   9.54035989e-01  -2.25423545e+00   1.78265581e+01
   -9.25964210e+07]
 [  7.59866169e+00   7.38599511e-01   6.00363347e-01   1.81837016e+01
   -9.21770040e+07]
 [  3.91008606e+01   8.79900661e-01  -4.31467763e+00   1.80524239e+01
   -1.19908020e+08]
 [  5.17737511e+00   6.83472853e-01  -5.55514228e+00   1.80701924e+01
   -1.16128744e+08]
 [  1.77559037e+02   9.44050564e-01  -2.93058510e+00   1.61394454e+01
   -2.70283141e+08]
 [  2.05643711e+01   8.39492202e-01  -1.04667945e+01   1.49035313e+01
   -1.95451508e+08]
 [ -8.60412571e+01   9.51040169e-01  -1.19401548e+01   8.51464540e+00
   -1.09899190e+08]
 [  3.53404004e+01   8.77643752e-01  -9.37782078e+00   1.41849077e+01
   -8.72051112e+07]
 [  8.50144810e+00   7.56650596e-01  -9.47919858e+00   1.53798439e+01
   -1.28785505e+08]
 [  6.60768209e+00   7.26841836e-01  -1.12971636e+01   1.23554699e+01
   -1.66822501e+08]
 [  1.60143762e+01   8.17890752e-01  -1.42908071e+01   1.45847582e+01
   -3.74659684e+07]
 [  5.70796222e+01   9.02145173e-01  -1.25611962e+01   1.64832318e+01
   -1.30160436e+08]]
[[ -5.65072395e+00   9.28343725e-01  -2.39471947e+00   1.57331351e+01
   -1.00683726e+08]
 [  7.70733355e-01   3.64835262e-01  -5.64087616e+00   1.80372661e+01
   -1.26175697e+08]
 [  9.34359286e-01   4.10001132e-01  -5.85318724e+00   1.96316194e+01
   -1.76769950e+08]
 [ -7.75534622e+00   9.47967885e-01  -2.71657021e+00   1.71614718e+01
   -1.29214838e+08]
 [  6.16530403e-01   3.66704293e-01  -8.64006619e-01   2.01786878e+01
   -1.19699132e+08]
 [ -5.20506943e+00   8.68242722e-01  -1.15619135e+00   1.95187716e+01
   -1.42349884e+08]
 [  6.04077104e-01   3.36537306e-01  -1.90505951e+00   1.58565978e+01
   -1.64680708e+08]
 [  6.69602613e-01   3.73766515e-01  -2.14948296e+00   1.93365029e+01
   -9.78720236e+07]
 [  5.25234408e+00   6.76660338e-01  -4.15587843e+00   2.05725661e+01
   -3.89662243e+07]
 [  6.74101163e+00   7.33280789e-01  -2.82682109e+00   1.05982327e+01
   -2.10978586e+07]
 [  5.43602296e+00   7.06431788e-01  -9.71848272e-01   1.97238774e+01
   -2.95157742e+07]
 [  1.37865585e+01   8.19804361e-01  -2.83319178e+00   2.01852922e+01
   -3.86484803e+07]
 [ -1.08081803e+01   9.46851542e-01   2.94425356e+00   1.65727772e+01
   -3.64758810e+07]
 [  7.48985730e-01   3.59581957e-01  -9.41671236e-02   1.60692521e+01
   -6.24283613e+07]
 [  6.80193001e-01   3.62426382e-01  -1.23040937e+00   1.70099139e+01
   -7.30195231e+07]
 [  5.38941575e+00   7.05674304e-01  -3.34970283e+00   1.98750616e+01
   -7.53347878e+07]
 [  7.99066128e-01   4.31000766e-01  -5.49969271e-01   1.58554677e+01
   -1.04735110e+08]
 [  1.12090932e+00   4.63401595e-01  -2.82923727e+00   1.78775047e+01
   -1.02131977e+08]
 [  2.25072587e+00   5.57823292e-01  -2.49975609e+00   1.96952131e+01
   -1.52456148e+08]
 [  6.75273048e-01   3.59370137e-01   9.37233015e-01   2.06733547e+01
   -1.09943699e+08]
 [ -3.44866600e+00   8.63376353e-01  -2.80673264e+00   1.39866027e+01
   -1.55809060e+08]
 [  9.18413889e-01   4.02809956e-01  -2.26503447e+00   1.82309755e+01
   -1.35264603e+08]
 [  1.02254991e+00   4.13479263e-01  -1.79486545e+00   2.06496393e+01
   -1.76526050e+08]
 [  1.17050837e+01   7.65551956e-01  -2.09396234e+00   1.87880433e+01
   -3.83415701e+07]
 [  5.31362239e+00   6.71427430e-01   2.60544407e-01   2.07913805e+01
   -5.12359187e+07]
 [  6.60445260e-01   4.23360388e-01  -2.45618931e+00   1.87103331e+01
   -3.64245881e+07]
 [  5.44050459e-01   3.35602571e-01  -1.39478140e+00   1.86466765e+01
   -5.41355971e+07]
 [  6.55123904e-01   4.02723431e-01  -4.49618913e-01   1.98869787e+01
   -5.63684515e+07]
 [  1.04727499e+01   7.91504085e-01  -1.13713101e-01   1.95045627e+01
   -7.31785949e+07]
 [  9.17623851e+00   7.70386984e-01  -9.11458772e-02   1.70974255e+01
   -8.42005843e+07]
 [  1.28875772e+00   4.84408953e-01  -3.15411436e+00   1.79098352e+01
   -1.04045375e+08]
 [  6.83031909e-01   3.84674371e-01  -1.18079205e+00   1.73934378e+01
   -9.56310747e+07]
 [  1.34066881e+00   4.68753411e-01  -9.17196047e+00   1.58508836e+01
   -1.34259547e+08]
 [  2.84456834e+00   6.09268947e-01  -1.93935251e+01   1.82056380e+01
   -4.64805841e+08]
 [  2.82703604e+01   8.62242876e-01  -4.18364668e+00   1.95138891e+01
   -3.13443987e+08]
 [  4.67458342e-01   3.06885517e-01  -4.16304514e+00   1.93898615e+01
   -4.93242301e+08]
 [  1.05514770e+00   4.78537972e-01  -2.12747233e+00   1.99711861e+01
   -1.24113782e+08]
 [ -4.74042023e+00   9.83473092e-01  -4.04747826e-01   1.95546271e+01
   -6.75354275e+07]
 [ -4.10981422e+01   9.62690374e-01  -1.02789719e-01   1.81703761e+01
   -9.15831790e+07]
 [  4.67197457e+00   6.55696586e-01  -1.35393352e+00   2.13874003e+01
   -7.84478603e+07]
 [  5.85335476e-01   3.34813470e-01  -3.37898165e-01   1.79910412e+01
   -8.56918524e+07]
 [  9.43995815e+00   7.73658832e-01  -2.21827331e+00   1.96384505e+01
   -8.72431450e+07]
 [  2.53232359e+00   5.98628425e-01  -2.53842621e+00   1.97703054e+01
   -9.88753627e+07]
 [  1.76228232e+00   5.28025767e-01  -1.20020259e+00   2.19493039e+01
   -1.04502581e+08]
 [  9.78442698e-01   4.41706879e-01  -3.66390068e+00   1.86089308e+01
   -9.59393791e+07]
 [ -1.26617679e+02   9.40105583e-01   1.81974537e-01   1.61608139e+01
   -7.74720816e+07]
 [  1.26519332e+00   5.01647739e-01  -7.15599704e+00   2.04217097e+01
   -1.50061955e+08]
 [  1.29455816e+00   5.25057521e-01   1.20676259e+00   2.08557056e+01
   -1.25748407e+08]
 [  6.36473063e-01   3.35599758e-01  -2.67146624e+00   2.21385434e+01
   -1.45396402e+08]
 [  1.35563521e+00   4.25255510e-01   3.83776600e-01   2.09627818e+01
   -1.29373422e+08]
 [  1.26358312e+00   4.80624683e-01  -4.97345329e+00   2.00860514e+01
   -2.10074918e+08]
 [  8.45616206e-01   4.13722416e-01  -1.26281546e+00   1.89195213e+01
   -2.11613752e+08]
 [  1.06324470e+00   4.66076577e-01  -7.66343909e-01   2.15947903e+01
   -1.99770855e+08]
 [  9.92590955e-01   4.37646897e-01   5.28086220e-01   2.01298547e+01
   -2.53935765e+08]
 [  5.30370921e-01   3.84597688e-01  -4.29114406e-02   2.22141890e+01
   -2.19834402e+08]
 [  8.66570413e-01   4.00158283e-01  -3.69565163e+00   1.90760299e+01
   -1.49787455e+08]
 [  1.04461438e+00   4.67362488e-01  -1.57526261e+00   2.00436167e+01
   -1.62240117e+08]
 [  2.64657060e-01   2.26702161e-01  -3.67338572e+00   2.13118141e+01
   -1.61454975e+08]
 [  1.27788632e+00   4.63485076e-01  -3.34877950e+00   2.04316231e+01
   -1.55838142e+08]
 [  2.22776019e+00   5.74671921e-01  -1.83953899e+00   1.90279584e+01
   -1.22961714e+08]
 [  3.32458058e-01   2.30444839e-01  -1.03788583e+00   2.26430358e+01
   -1.34669665e+08]
 [  5.13086423e-01   3.19658936e-01  -8.29419894e-01   2.29885675e+01
   -1.10951249e+08]
 [  5.04964198e-01   2.74689087e-01  -8.34570508e+00   2.08640437e+01
   -1.40613636e+08]
 [  6.47904197e-01   3.44579648e-01  -4.50529389e+00   1.82889180e+01
   -8.87987900e+07]
 [  1.98302128e+00   5.43253860e-01  -2.33147011e-01   1.97451742e+01
   -1.09029569e+08]
 [  1.42026695e+00   4.79009220e-01  -1.03832894e+00   2.06378825e+01
   -2.88137712e+08]
 [  1.15347873e+00   4.49634801e-01  -5.48454797e+00   2.26322514e+01
   -3.46915883e+08]
 [  1.36855567e+00   4.87526488e-01  -9.85557326e+00   2.23670870e+01
   -1.38468807e+08]
 [  5.11774253e-01   3.45708856e-01   6.46154104e-01   1.73410452e+01
   -1.19976894e+08]
 [  2.17795133e+00   5.76311521e-01   7.74187508e-02   2.08187293e+01
   -1.24275577e+08]
 [  3.27426961e+00   6.23647645e-01  -6.12857060e-01   1.94181299e+01
   -1.32269145e+08]
 [  5.28904328e-01   4.04502971e-01  -6.61810409e-01   1.41247986e+01
   -1.53289114e+08]
 [  2.73470921e+01   8.47216835e-01  -5.35053184e+00   1.99670743e+01
   -2.29307868e+08]
 [  2.31221574e+00   5.64424434e-01  -1.79395174e+00   2.03806172e+01
   -2.29232806e+08]
 [  6.06793826e-01   4.04170077e-01  -6.89096704e-01   2.18779574e+01
   -1.50848180e+08]
 [  1.14447470e+00   4.16646481e-01   2.19645219e-01   2.09519835e+01
   -2.02452826e+08]
 [  1.14577336e+00   4.67073076e-01  -1.69223751e+01   2.08542512e+01
   -2.10860040e+08]
 [  3.30596287e+00   6.19276684e-01  -9.52520437e-01   2.14948435e+01
   -1.55708518e+08]
 [  8.88806045e+00   7.74676860e-01   1.70563498e+00   1.74904980e+01
   -1.82606391e+08]
 [  9.46328094e-01   4.60023847e-01  -2.31895282e+00   2.09704791e+01
   -1.40289855e+08]
 [  4.66462630e-01   3.46140805e-01  -6.63882285e+00   1.87961257e+01
   -1.34377364e+08]
 [  5.83470389e-01   3.17367591e-01   1.74515858e-02   1.82642313e+01
   -1.53398690e+08]
 [  4.77894878e-01   3.35276429e-01  -1.55110409e+00   2.15414211e+01
   -1.46282435e+08]
 [ -6.62180678e+00   9.15587927e-01  -8.32383734e+00   1.96999050e+01
   -2.00230095e+08]
 [  8.39872611e-01   4.32130579e-01  -4.31197776e+00   2.11658082e+01
   -1.61646050e+08]
 [  1.23033977e+00   4.61581652e-01  -4.35772690e-01   2.11066566e+01
   -1.69991399e+08]
 [  2.57988697e+00   6.09990056e-01  -5.50163229e+00   1.70629601e+01
   -1.87516889e+08]
 [  6.72831644e-01   3.72275479e-01  -1.81600238e+00   1.84881304e+01
   -1.56771281e+08]
 [  2.92834081e+00   6.21691343e-01  -8.09821482e-01   2.18127736e+01
   -1.47080543e+08]
 [  3.14177247e-01   2.90375783e-01  -2.62874690e+00   1.87214378e+01
   -1.26292382e+08]
 [  6.62535148e-01   3.33676966e-01  -2.96393136e+00   1.98719938e+01
   -9.22633229e+07]
 [  8.73063824e-01   4.20604737e-01  -1.08034311e+00   1.99977229e+01
   -7.31284350e+07]
 [  8.36150456e-01   3.89940424e-01  -2.82040778e-01   2.21376003e+01
   -1.27856775e+08]
 [  6.80984603e-01   3.55579834e-01  -9.22899072e+00   1.93479837e+01
   -1.02187421e+08]
 [  1.94445576e-01   2.21875523e-01  -4.92990265e+00   1.74049419e+01
   -1.07881543e+08]
 [  2.54270572e+00   6.11929730e-01  -3.28974797e+00   1.79395887e+01
   -1.27742974e+08]
 [  1.17744353e+00   4.46322879e-01  -1.43708863e+00   1.81625987e+01
   -1.14863991e+08]
 [  8.28804934e-01   3.76237395e-01  -5.74996412e-01   2.17977536e+01
   -1.51969943e+08]
 [  2.33277347e+00   6.07980321e-01   1.14026024e+00   1.96959792e+01
   -1.68945802e+08]
 [  4.93525153e-01   3.39140515e-01   1.41246254e+00   1.75224213e+01
   -1.76139283e+08]
 [  5.50869073e-01   3.49167560e-01  -6.48073428e+00   1.98942708e+01
   -1.82033890e+08]
 [  4.70724554e+00   6.81073012e-01  -3.35491916e+00   2.04441890e+01
   -2.99193320e+08]
 [  8.29223895e-01   4.03155609e-01  -1.00937523e+01   1.98946005e+01
   -4.14767436e+08]
 [  3.23088675e-01   2.58650127e-01  -4.24343002e+00   1.79553638e+01
   -3.95734333e+08]
 [  7.38062347e-01   3.82259702e-01  -8.81501332e+00   2.08051344e+01
   -2.66888353e+08]
 [  5.98009671e-01   3.73481423e-01  -2.38114242e+00   1.88261837e+01
   -2.01306521e+08]
 [  1.79129312e+00   5.34743614e-01  -1.39455880e+01   2.13580179e+01
   -1.65290091e+08]
 [  1.19581532e+00   4.96057252e-01  -1.48233353e+00   2.08056795e+01
   -3.76031513e+08]
 [  1.02667774e+00   4.23185607e-01  -1.45115936e-01   1.98533098e+01
   -2.98347804e+08]
 [  1.41498577e+01   8.02571156e-01  -7.28250615e+00   1.94979943e+01
   -4.94143367e+08]
 [  2.51108148e+00   5.80432139e-01  -8.24569782e+00   1.74919583e+01
   -1.17795931e+08]
 [  5.63295992e-01   3.36406569e-01  -8.42760616e-01   1.88720561e+01
   -5.98255128e+07]
 [ -8.46376241e+00   9.40065454e-01  -1.79533605e+00   2.00162614e+01
   -4.76781886e+07]
 [  1.17787312e+00   4.49770287e-01  -2.80801653e+00   1.88950999e+01
   -4.80845104e+07]
 [  2.61305852e+00   5.89567643e-01  -1.44676750e+00   9.44595324e+00
   -5.67954043e+07]
 [  1.09834698e+00   4.62050678e-01  -2.99708353e-01   1.80750866e+01
   -5.71147406e+07]
 [  1.18533414e+00   5.01974387e-01   2.86673781e-01   2.12780102e+01
   -7.95224920e+07]
 [  1.59828442e-01   2.22989523e-01  -1.72469604e+00   1.94763537e+01
   -7.16871493e+07]
 [  1.77801465e-01   2.44968220e-01  -1.50394007e+00   1.89061799e+01
   -1.25366411e+08]
 [  5.72254376e-01   3.34520394e-01  -1.24845824e-01   2.21300718e+01
   -1.56421773e+08]
 [  4.85518560e-01   2.87618315e-01   1.25236524e+00   1.90053746e+01
   -1.59159288e+08]
 [  2.93803549e-01   2.81837424e-01  -3.67033975e+00   1.92733280e+01
   -8.03611447e+07]
 [  3.94358217e-01   3.28944432e-01  -2.96907414e+00   1.67566475e+01
   -1.08027309e+08]
 [  2.96242880e-01   3.07094762e-01  -3.41624242e+00   1.90789936e+01
   -1.18677146e+08]
 [  3.93989477e-01   2.81910544e-01  -9.14555525e+00   2.10243019e+01
   -1.16334441e+08]
 [  7.80336077e-01   4.35493253e-01  -4.70433946e+00   1.96928336e+01
   -1.35634951e+08]
 [  6.37362915e-01   3.38102139e-01  -1.64781526e+00   2.14280317e+01
   -1.23407480e+08]
 [  1.51659185e+00   5.16945928e-01  -2.10485276e+00   1.94842330e+01
   -1.47058589e+08]
 [  2.30498435e+00   5.77092567e-01  -3.56896829e-01   2.04664626e+01
   -1.19202773e+08]
 [  4.40896935e-01   2.91675146e-01  -3.72047409e+00   1.89683814e+01
   -1.26675301e+08]
 [  7.77807213e-01   3.64031799e-01   1.00883221e+00   1.82702204e+01
   -1.48552589e+08]
 [  9.42409906e-01   3.97004275e-01  -1.33264730e+01   1.84516140e+01
   -1.58861627e+08]
 [  3.69254325e+00   6.23759228e-01  -9.45706751e-01   2.08104046e+01
   -2.14842083e+08]
 [  3.33524301e-01   2.74796946e-01  -2.62229600e+00   2.05500492e+01
   -1.18356050e+08]
 [  6.49633059e-01   3.65024740e-01  -7.51273140e+00   2.12000058e+01
   -2.09765127e+08]
 [  1.09226443e+01   8.02988239e-01   4.85718691e-02   1.97097494e+01
   -1.36018025e+08]
 [  1.06378168e+00   4.57192120e-01   5.97066564e-01   1.95412874e+01
   -1.56650058e+08]
 [  2.54533501e+00   5.81188452e-01  -1.93610161e+00   1.80057339e+01
   -1.27503801e+08]
 [  1.91482519e+00   5.26198166e-01   4.65980402e-01   1.89152716e+01
   -1.21802604e+08]
 [  4.79674927e-01   3.35594435e-01  -1.14018495e-01   1.51446337e+01
   -1.16583857e+08]
 [  4.33470588e-01   3.19916784e-01  -3.46353948e-01   1.40729806e+01
   -1.66420225e+08]
 [  3.91472479e-01   2.50805757e-01  -5.01178785e+00   1.49903062e+01
   -1.08034961e+08]
 [  1.53127798e+00   4.80299503e-01   1.33799249e+00   2.05092900e+01
   -1.25278617e+08]
 [  1.86423224e+00   5.21914118e-01  -3.34796833e+00   1.24935578e+01
   -1.22562544e+08]
 [  4.03546532e+00   6.78480212e-01  -4.56033651e-01   1.99216480e+01
   -1.08765509e+08]
 [  5.66998319e-01   3.41239568e-01  -6.21241362e+00   1.99209787e+01
   -9.82503847e+07]
 [  9.89570839e-01   4.25187002e-01  -1.25716692e+00   1.31639164e+01
   -8.54699133e+07]
 [  1.70727156e+00   5.64236215e-01  -1.00233000e+00   2.01199257e+01
   -8.20015546e+07]
 [  3.70075747e-01   2.92213034e-01  -1.54942790e+00   1.69397540e+01
   -5.67872010e+07]
 [  5.07280998e-01   3.02231152e-01  -3.47242991e+00   2.00937105e+01
   -6.02229957e+07]
 [  3.88330346e-01   2.35798978e-01  -2.20195253e+00   2.13296584e+01
   -1.15579108e+08]
 [  4.50293568e-01   3.07024692e-01  -3.69457922e+00   1.50691417e+01
   -2.23235796e+08]]
[[ -1.51650648e+01   9.63554266e-01  -1.06252579e+00   2.04810176e+01
   -1.81175958e+07]
 [  8.91809684e-01   4.60206242e-01  -5.32066011e+00   2.08113345e+01
   -1.89945124e+07]
 [  5.10024435e-01   4.01649866e-01  -8.81748585e-01   1.92374287e+01
   -1.49455270e+07]
 ..., 
 [ -1.55960152e+01   9.42199514e-01  -1.05964743e-01   2.01269697e+01
   -9.81712020e+06]
 [  1.41235770e+00   5.03320032e-01   1.27000623e+00   2.05502369e+01
   -1.24424439e+07]
 [  4.14741973e+00   6.93127097e-01  -2.28622592e+00   1.93407854e+01
   -1.50913298e+07]]
[[  4.64902967e-01   3.71440220e-01   1.75937758e-02   2.39813646e+01
   -9.15551709e+07]
 [ -4.37567952e+00   9.07698513e-01  -2.69687086e+00   2.74858355e+01
   -1.41588796e+08]
 [  6.40540800e-01   3.66198492e-01  -6.35266121e-02   2.56758349e+01
   -1.10704744e+08]
 ..., 
 [  1.52659501e+00   5.64349154e-01  -5.43169690e-02   2.52927495e+01
   -4.68571314e+08]
 [  1.08308965e+00   4.00663744e-01  -3.10368897e-01   2.33378249e+01
   -6.71264785e+08]
 [  1.98691592e+00   5.14855392e-01  -5.08015167e+00   2.55382154e+01
   -7.35219413e+08]]
[[  5.33150419e-01   3.20756997e-01  -7.26725742e+00   1.62168166e+01
   -1.88329313e+08]
 [  3.56771723e-01   2.39478994e-01  -4.10003579e+00   1.99002387e+01
   -2.21382276e+08]
 [  2.67107826e-01   2.11753683e-01  -5.55041690e+00   1.59718799e+01
   -6.27492378e+07]
 ..., 
 [  9.71209066e-01   4.72204146e-01  -4.27724589e+00   2.17240106e+01
   -1.15020693e+08]
 [  2.12664585e+00   5.72158609e-01   2.37052610e+00   2.40724182e+01
   -8.04172527e+07]
 [  2.27581405e+00   5.88253303e-01  -3.24948826e-01   2.33676050e+01
   -6.92837882e+07]]
[[  7.57492230e-01   3.82841381e-01  -1.10909268e+00   2.15191615e+01
   -1.68570823e+09]
 [  3.82246100e-01   2.48915550e-01  -2.15187745e+01   2.19806079e+01
   -1.32495365e+09]
 [  3.43627205e-01   2.65165001e-01  -4.77816186e+00   2.04771270e+01
   -1.15832154e+09]
 ..., 
 [  9.17690105e-01   3.54251604e-01   1.56253870e-01   2.57736902e+01
   -3.44102314e+08]
 [  1.23482670e-01   2.00762619e-01  -3.49279529e-01   2.49290714e+01
   -3.04804259e+08]
 [  8.20910729e-01   3.90413572e-01  -2.94445342e+00   2.40049395e+01
   -5.22032992e+08]]
[[  1.16421690e+00   4.15815931e-01  -5.65478626e+00   2.57407037e+01
   -2.36536546e+08]
 [ -3.51147079e+00   9.37020893e-01  -3.42737572e+00   2.66730198e+01
   -1.25163568e+08]
 [  8.99247812e-01   5.35148483e-01  -1.80457010e+00   2.30573928e+01
   -1.29910885e+08]
 [  1.47838460e+00   3.91230819e-01  -5.08372667e-01   2.68161020e+01
   -1.20019801e+08]
 [  8.84959220e-01   4.59792038e-01   9.28042373e-02   2.41546002e+01
   -2.99452496e+08]
 [  6.13769167e+00   6.76137833e-01  -1.31767220e+00   2.68168357e+01
   -2.79158131e+08]
 [  3.04833467e+00   6.86488622e-01  -1.90136466e+00   2.64003000e+01
   -2.86851918e+08]
 [  9.49607065e-01   4.76721446e-01  -1.32220739e+00   2.21918988e+01
   -3.91180176e+08]
 [  1.27383889e+00   4.57118845e-01  -8.68185574e-01   2.64503514e+01
   -2.04630176e+08]
 [  8.77459832e-01   4.48224708e-01  -1.84670959e+00   2.19487577e+01
   -3.92849821e+08]
 [  9.06386208e-01   4.74683866e-01  -2.53197082e-01   2.54081938e+01
   -4.42043384e+08]
 [  7.95546341e-02   3.35726191e-01  -4.69088230e+00   2.36064960e+01
   -4.87997299e+08]
 [  4.39546765e-01   3.65536794e-01  -1.13908409e+00   2.04507640e+01
   -3.98988883e+08]
 [  2.13162416e-01   2.76896806e-01  -3.38229353e+00   2.28706636e+01
   -4.25096593e+08]
 [  1.58513110e+00   5.45007861e-01  -4.64169840e-01   2.53908360e+01
   -4.49439149e+08]
 [  7.67282740e-01   4.35526206e-01   6.55882958e-02   1.96413980e+01
   -4.64470043e+08]
 [  1.35035984e+00   4.79777711e-01  -1.32904764e+00   2.29959590e+01
   -4.94182313e+08]
 [  2.36586776e+00   5.74067702e-01  -3.06007707e+00   2.34840175e+01
   -4.92362039e+08]
 [  1.44359060e+00   5.21699612e-01   1.27040488e-01   2.38271190e+01
   -5.47774744e+08]
 [  3.08543723e+00   6.29240320e-01  -2.62274460e+00   1.99376287e+01
   -5.10757083e+08]
 [  6.87826546e-01   3.58972426e-01  -4.30093401e+00   2.50690788e+01
   -4.61659246e+08]
 [  1.45920567e+00   5.28677652e-01  -1.51649401e+00   2.37274789e+01
   -4.78988180e+08]
 [  7.23412445e-01   3.79073259e-01  -3.27182034e+00   2.39903649e+01
   -4.62669394e+08]
 [  3.37548587e-01   2.85141401e-01  -4.66608239e+00   2.37321325e+01
   -6.02523828e+08]
 [  9.98929651e-01   3.86381782e-01   2.02756843e+00   2.34426451e+01
   -5.76161062e+08]
 [  2.01807524e+00   5.36483445e-01  -6.92073181e+00   2.51674315e+01
   -6.69845570e+08]
 [  1.04050622e+00   4.21165559e-01  -3.37228992e+00   2.48107403e+01
   -5.19465860e+08]
 [  2.92970200e-01   3.32181993e-01   2.28046967e+00   1.99620270e+01
   -3.99681544e+08]
 [  4.23186706e-01   4.00082675e-01  -3.78126983e+00   2.41732860e+01
   -4.05141760e+08]
 [  8.26933609e-01   4.81659956e-01  -1.49723881e+00   1.78741443e+01
   -3.08633426e+08]
 [  1.04484318e+00   4.62740058e-01  -2.02839367e+00   2.42815796e+01
   -3.21150400e+08]
 [  5.48204394e-01   3.46974089e-01  -1.45890708e+00   2.26047094e+01
   -3.43457664e+08]
 [  1.23853592e+00   4.78827819e-01  -4.23391181e+00   1.85298908e+01
   -3.38072304e+08]
 [  1.34723344e+00   5.25679765e-01   1.18521862e-01   2.43429598e+01
   -3.81784494e+08]
 [ -1.28846498e+01   9.58276029e-01  -8.33349114e-01   2.63582194e+01
   -3.00857824e+08]
 [  1.88537655e-01   4.08904761e-01   5.36452877e-01   2.52848360e+01
   -2.32727654e+08]
 [  2.40320526e+00   5.55155689e-01   3.35265608e-01   2.69700580e+01
   -1.69256383e+08]
 [  1.09388577e+01   7.91598219e-01  -2.66688778e+00   2.64897321e+01
   -1.27402109e+08]
 [  3.84625652e+00   6.41948173e-01  -3.40893179e+00   2.21109799e+01
   -2.25972930e+08]
 [ -2.16954551e+01   9.09103045e-01  -4.24801234e+00   2.55318148e+01
   -3.06927111e+08]
 [  2.60580747e-01   2.78019928e-01  -6.78382052e+00   2.39789867e+01
   -3.44671717e+08]
 [  2.37682090e+01   8.70199845e-01  -1.82560682e+00   2.34187294e+01
   -3.72773813e+08]
 [  8.11580388e-01   4.47035175e-01  -4.81554253e+00   2.58655006e+01
   -3.83404425e+08]
 [  6.49475913e-01   4.03491474e-01   6.51253986e-01   2.48490873e+01
   -2.80725978e+08]
 [  1.20875912e+00   4.80235862e-01  -1.47886354e+00   2.32462862e+01
   -3.53015574e+08]
 [  7.49247676e-01   4.28440313e-01  -8.49039282e-01   2.34764874e+01
   -3.64171952e+08]
 [  4.01695528e-01   3.48429160e-01  -1.89790057e-01   2.32327145e+01
   -3.73611532e+08]
 [  5.09463714e-01   3.48490202e-01  -1.99664343e+00   2.38235690e+01
   -4.23863454e+08]
 [  1.96174787e+00   4.80241007e-01  -5.25629061e+00   2.55339602e+01
   -1.34587500e+09]
 [  4.56414203e-01   2.92571112e-01  -1.52517673e-01   2.44769671e+01
   -1.06079560e+09]
 [  3.52865648e+00   6.72622596e-01  -3.64190399e+00   2.17992807e+01
   -1.05395825e+09]
 [  7.46013010e-01   3.83140392e-01  -8.07052398e+00   2.26875789e+01
   -6.40772995e+08]
 [  2.72954100e+00   5.77933550e-01  -7.66711610e-01   2.47113584e+01
   -4.08593123e+08]
 [  1.64966084e+00   5.35473378e-01  -2.45815478e+00   2.35695387e+01
   -4.58490684e+08]]
